-0.959221,0,-0.282676,0,0,1,0,0,0.282676,0,-0.959221,0,24.1118,0,-0.0481766,1|
0.0157844,0,-0.999882,0,0,1,0,0,0.999882,0,0.0157844,0,26.2134,0,0.684146,1|
-0.00421508,0,-0.999998,0,0,1,0,0,0.999998,0,-0.00421508,0,26.5506,0,5.54292,1|
0.989516,0,0.144482,0,0,1,0,0,-0.144482,0,0.989516,0,25.8378,0,6.28416,1|
0.998997,0,0.0449739,0,0,1,0,0,-0.0449739,0,0.998997,0,-8.72783,0,5.51103,1|
-0.0141922,0,0.99991,0,0,1,0,0,-0.99991,0,-0.0141922,0,-8.72783,0,5.51103,1|
-0.0141922,0,0.99991,0,0,1,0,0,-0.99991,0,-0.0141922,0,-8.61983,0,-2.08826,1|
